500 865
1000 1848
1500 3330
2000 3706
2500 3899
3000 5058
3500 8134
4000 8771
4500 6758
5000 10322
5500 10290
6000 9259
6500 11266
7000 14142
7500 19913
8000 20586
8500 14376
9000 18243
9500 133116
10000 16095
10500 20735
11000 17611
11500 20869
12000 19553
12500 51232
13000 24092
13500 21247
14000 23037
14500 27048
15000 30450
15500 36712
16000 33781
16500 47307
17000 36218
17500 32879
18000 38695
18500 40454
19000 37778
19500 40341
20000 175118
20500 42871
21000 37919
21500 37051
22000 65669
22500 38465
23000 41585
23500 47387
24000 71025
24500 49803
25000 52695
25500 62890
26000 47147
26500 68485
27000 53369
27500 50978
28000 116164
28500 70924
29000 92825
29500 80850
30000 62764
30500 68678
31000 65027
31500 103339
32000 81052
32500 66806
33000 69197
33500 72978
34000 69277
34500 82663
35000 80895
35500 74626
36000 83934
36500 75892
37000 120470
37500 102022
38000 535275
38500 77856
39000 92342
39500 118272
40000 94092
40500 82393
41000 158468
41500 86309
42000 105115
42500 88422
43000 86854
43500 89576
44000 89904
44500 88535
45000 92834
45500 104804
46000 112060
46500 91431
47000 97553
47500 129163
48000 117196
48500 120239
49000 100457
49500 146997
50000 105043
50500 106587
51000 104697
51500 185300
52000 150606
52500 109658
53000 109376
53500 138861
54000 110848
54500 120454
55000 118625
55500 115980
56000 116613
56500 135006
57000 116302
57500 119548
58000 119927
58500 124651
59000 121375
59500 127945
60000 149000
60500 143710
61000 165361
61500 127071
62000 131068
62500 129110
63000 128711
63500 854904
64000 210745
64500 153892
65000 160369
65500 137120
66000 192500
66500 137073
67000 150625
67500 148136
68000 161949
68500 140519
69000 142807
69500 153151
70000 169796
70500 220621
71000 172267
71500 440036
72000 146698
72500 179599
73000 179013
73500 151907
74000 178140
74500 295267
75000 185804
75500 153173
76000 185017
76500 213122
77000 174876
77500 159312
78000 162136
78500 251476
79000 236576
79500 162749
80000 161870
80500 187605
81000 166358
81500 188836
82000 246852
82500 174179
83000 227857
83500 171846
84000 169961
84500 171351
85000 200842
85500 688965
86000 211198
86500 174121
87000 212329
87500 179464
88000 221376
88500 177508
89000 180096
89500 249280
90000 255929
90500 184996
91000 183529
91500 236442
92000 186071
92500 227438
93000 262844
93500 191430
94000 215651
94500 231697
95000 232404
95500 196488
96000 392459
96500 439011
97000 237545
97500 198768
98000 240695
98500 199535
99000 205106
99500 200942
100000 243384
100500 230331
101000 206314
101500 286462
102000 216351
102500 211134
103000 210733
103500 223719
104000 306290
104500 210338
105000 308336
105500 211660
106000 213895
106500 264099
107000 260403
107500 245216
108000 219720
108500 365510
109000 222235
109500 222280
110000 265816
110500 263440
111000 224759
111500 272635
112000 270987
112500 225524
113000 274806
113500 274912
114000 273096
114500 257964
115000 226716
115500 273241
116000 272083
116500 270457
117000 235106
117500 279050
118000 237057
118500 240058
119000 335680
119500 330555
120000 285069
120500 286687
121000 337729
121500 289869
122000 284492
122500 295013
123000 289136
123500 252486
124000 293453
124500 308742
125000 253240
125500 292293
126000 476309
126500 294619
127000 254885
127500 805312
128000 257670
128500 313816
129000 623650
129500 356681
130000 309718
130500 333087
131000 304641
131500 311683
132000 318979
132500 314714
133000 323969
133500 282642
134000 345389
134500 360349
135000 399456
135500 438266
136000 333143
136500 291828
137000 376542
137500 338385
138000 303414
138500 835247
139000 439384
139500 309382
140000 323830
140500 934947
141000 286074
141500 334417
142000 374241
142500 354559
143000 335335
143500 474646
144000 716284
144500 341043
145000 276129
145500 437362
146000 334128
146500 771375
147000 312733
147500 375439
148000 1.37785e+06
148500 364096
149000 298704
149500 1.00698e+06
150000 289011
150500 371938
151000 550621
151500 369491
152000 310409
152500 367805
153000 309667
153500 581769
154000 705544
154500 310943
155000 307066
155500 334644
156000 310822
156500 477576
157000 387294
157500 321894
158000 317950
158500 1.14101e+06
159000 314934
159500 408211
160000 316791
160500 319403
161000 322168
161500 397149
162000 324196
162500 360310
163000 332851
163500 324928
164000 329334
164500 398108
165000 327360
165500 338525
166000 388454
166500 330037
167000 524953
167500 338916
168000 343823
168500 333655
169000 398175
169500 344453
170000 337074
170500 1.57451e+06
171000 337980
171500 1.23477e+06
172000 337396
172500 385408
173000 338399
173500 348685
174000 350402
174500 346255
175000 596400
175500 349683
176000 363043
176500 559181
177000 381893
177500 363670
178000 374193
178500 538072
179000 353112
179500 432306
180000 837986
180500 362679
181000 355991
181500 364551
182000 361861
182500 365829
183000 442539
183500 523448
184000 364289
184500 383197
185000 418583
185500 374654
186000 851202
186500 469153
187000 392433
187500 463054
188000 371902
188500 486035
189000 370780
189500 527648
190000 377161
190500 403809
191000 540424
191500 505860
192000 490426
192500 455285
193000 379079
193500 686730
194000 685607
194500 385609
195000 389075
195500 394051
196000 802933
196500 499878
197000 391010
197500 386499
198000 503326
198500 390672
199000 401201
199500 389139
200000 391144
200500 892241
201000 587677
201500 612035
202000 397301
202500 406232
203000 471111
203500 404098
204000 397584
204500 759376
205000 781510
205500 1.80991e+06
206000 415533
206500 530989
207000 623014
207500 403592
208000 485209
208500 609654
209000 421812
209500 1.32412e+06
210000 583100
210500 625375
211000 485123
211500 2.89432e+06
212000 1.06626e+06
212500 467287
213000 399159
213500 417704
214000 404126
214500 1.50516e+06
215000 483038
215500 411128
216000 421892
216500 577762
217000 423263
217500 430024
218000 521310
218500 456409
219000 523078
219500 424217
220000 437575
220500 428017
221000 426676
221500 428152
222000 608900
222500 477230
223000 801980
223500 538318
224000 611548
224500 659167
225000 441623
225500 437707
226000 1.87166e+06
226500 447125
227000 427639
227500 1.39977e+06
228000 464409
228500 446612
229000 1.54821e+06
229500 453187
230000 454320
230500 446655
231000 454666
231500 1.28941e+06
232000 452195
232500 451999
233000 458187
233500 465886
234000 519328
234500 436713
235000 510203
235500 460040
236000 476771
236500 442341
237000 460349
237500 572131
238000 460946
238500 726671
239000 481272
239500 1.00321e+06
240000 458654
240500 463077
241000 679806
241500 524295
242000 1.47925e+06
242500 646652
243000 478551
243500 536291
244000 476855
244500 750580
245000 570861
245500 552459
246000 560041
246500 653057
247000 558072
247500 503765
248000 659859
248500 485309
249000 922525
249500 610699
250000 503212
250500 486950
251000 483503
251500 619774
252000 493043
252500 492693
253000 492628
253500 1.26479e+06
254000 593251
254500 637119
255000 511217
255500 1.25526e+06
256000 510264
256500 595495
257000 611042
257500 636576
258000 501402
258500 505544
259000 703890
259500 831129
260000 504939
260500 601628
261000 662718
261500 507949
262000 623223
262500 519540
263000 541804
263500 556875
264000 515470
264500 607555
265000 514666
265500 515686
266000 519404
266500 517299
267000 634462
267500 605881
268000 606969
268500 678206
269000 670507
269500 531404
270000 529588
270500 686840
271000 614445
271500 535042
272000 524247
272500 626100
273000 529849
273500 532782
274000 526339
274500 604561
275000 554968
275500 534465
276000 639572
276500 730078
277000 543338
277500 538856
278000 567429
278500 540803
279000 861475
279500 768843
280000 519137
280500 555876
281000 548683
281500 798931
282000 690184
282500 549400
283000 577992
283500 641742
284000 639605
284500 648811
285000 766276
285500 552197
286000 649489
286500 553974
287000 699876
287500 557948
288000 649995
288500 679110
289000 641554
289500 739595
290000 656512
290500 695474
291000 666621
291500 692403
292000 801766
292500 717366
293000 963122
293500 664452
294000 783623
294500 829827
295000 670728
295500 795246
296000 665877
296500 679044
297000 647394
297500 677539
298000 573032
298500 685119
299000 577001
299500 677417
300000 619384
300500 671591
301000 784620
301500 670026
302000 584805
302500 584135
303000 941550
303500 694292
304000 591297
304500 586295
305000 596081
305500 600685
306000 694168
306500 699681
307000 698754
307500 686348
308000 785223
308500 785770
309000 698897
309500 690217
310000 890823
310500 703302
311000 685456
311500 654015
312000 866356
312500 713870
313000 709497
313500 832426
314000 751613
314500 616684
315000 702315
315500 763542
316000 604360
316500 901122
317000 720352
317500 794625
318000 790088
318500 613683
319000 855283
319500 726313
320000 624401
320500 806295
321000 616819
321500 623639
322000 623697
322500 854507
323000 627981
323500 739602
324000 883779
324500 629500
325000 729974
325500 717782
326000 663237
326500 741854
327000 736606
327500 632929
328000 768648
328500 742975
329000 638104
329500 778493
330000 762750
330500 1.08842e+06
331000 640137
331500 1.08839e+06
332000 882919
332500 761299
333000 764344
333500 640851
334000 880612
334500 757130
335000 757137
335500 932942
336000 769655
336500 906818
337000 651251
337500 762145
338000 893040
338500 828813
339000 772363
339500 649025
340000 655087
340500 852162
341000 957595
341500 718949
342000 940167
342500 659872
343000 679118
343500 768208
344000 843548
344500 663083
345000 666683
345500 780629
346000 920398
346500 774168
347000 846259
347500 973451
348000 779523
348500 794669
349000 820015
349500 792425
350000 685452
350500 955641
351000 1.08622e+06
351500 1.46615e+06
352000 872690
352500 799514
353000 678170
353500 1.04982e+06
354000 791500
354500 999557
355000 685098
355500 913156
356000 683471
356500 920252
357000 860763
357500 820145
358000 799816
358500 824944
359000 1.1146e+06
359500 918692
360000 947005
360500 717325
361000 1.26771e+06
361500 815132
362000 724254
362500 824677
363000 975530
363500 833291
364000 830001
364500 853049
365000 705726
365500 812694
366000 930776
366500 929722
367000 815792
367500 995895
368000 820870
368500 990728
369000 934307
369500 882689
370000 864411
370500 829565
371000 830377
371500 957458
372000 721653
372500 824647
373000 837594
373500 1.25065e+06
374000 729742
374500 844238
375000 978198
375500 859386
376000 852260
376500 831641
377000 987766
377500 840591
378000 939955
378500 1.18399e+06
379000 935787
379500 1.05564e+06
380000 843609
380500 856406
381000 939454
381500 737632
382000 720328
382500 927450
383000 740203
383500 1.10652e+06
384000 856789
384500 870769
385000 1.00961e+06
385500 930952
386000 750019
386500 969989
387000 1.04035e+06
387500 868506
388000 1.05953e+06
388500 1.00453e+06
389000 860457
389500 864864
390000 881554
390500 896837
391000 1.12214e+06
391500 1.22881e+06
392000 883536
392500 875682
393000 883169
393500 764916
394000 1.00577e+06
394500 1.06944e+06
395000 1.04167e+06
395500 883729
396000 1.02112e+06
396500 893706
397000 900207
397500 798230
398000 918894
398500 1.4123e+06
399000 887849
399500 1.2258e+06
400000 1.07396e+06
400500 1.12914e+06
401000 1.23239e+06
401500 907419
402000 1.00633e+06
402500 1.20703e+06
403000 902134
403500 924741
404000 1.0722e+06
404500 897210
405000 898984
405500 907329
406000 1.07225e+06
406500 918169
407000 928880
407500 1.02533e+06
408000 951178
408500 935907
409000 920280
409500 924343
410000 903764
410500 948930
411000 1.09016e+06
411500 790061
412000 1.06528e+06
412500 925655
413000 921945
413500 977404
414000 925830
414500 811103
415000 962123
415500 924777
416000 949883
416500 1.10709e+06
417000 1.12674e+06
417500 924584
418000 1.12106e+06
418500 934325
419000 938496
419500 922059
420000 947201
420500 1.28771e+06
421000 946810
421500 943533
422000 804821
422500 1.09676e+06
423000 941493
423500 1.27901e+06
424000 1.07869e+06
424500 862740
425000 813529
425500 1.11984e+06
426000 961625
426500 1.46753e+06
427000 1.0965e+06
427500 945925
428000 1.02245e+06
428500 823052
429000 1.0214e+06
429500 1.00187e+06
430000 1.04372e+06
430500 995515
431000 956839
431500 943172
432000 1.3715e+06
432500 978354
433000 970934
433500 969557
434000 973299
434500 1.06485e+06
435000 967018
435500 1.1196e+06
436000 1.03752e+06
436500 976937
437000 993715
437500 978206
438000 1.39899e+06
438500 976421
439000 843390
439500 1.14731e+06
440000 1.19936e+06
440500 863110
441000 982791
441500 971451
442000 1.09587e+06
442500 964650
443000 1.04704e+06
443500 855094
444000 1.20632e+06
444500 987168
445000 1.09089e+06
445500 1.15584e+06
446000 1.01054e+06
446500 858856
447000 1.18453e+06
447500 1.00222e+06
448000 1.11362e+06
448500 1.00806e+06
449000 1.05502e+06
449500 1.01398e+06
450000 1.20022e+06
450500 1.17614e+06
451000 1.00843e+06
451500 1.26987e+06
452000 1.55886e+06
452500 1.00808e+06
453000 1.13933e+06
453500 1.03949e+06
454000 1.16275e+06
454500 1.04126e+06
455000 1.05424e+06
455500 1.01282e+06
456000 1.04196e+06
456500 1.09313e+06
457000 1.03532e+06
457500 921612
458000 1.04651e+06
458500 882577
459000 1.14422e+06
459500 1.0192e+06
460000 1.02533e+06
460500 1.18971e+06
461000 1.03877e+06
461500 880757
462000 973522
462500 1.2372e+06
463000 1.21114e+06
463500 1.07498e+06
464000 1.04623e+06
464500 1.04441e+06
465000 1.04833e+06
465500 894654
466000 1.25603e+06
466500 906578
467000 1.20057e+06
467500 1.06177e+06
468000 1.18537e+06
468500 1.03834e+06
469000 1.06634e+06
469500 903206
470000 1.05266e+06
470500 891969
471000 1.83176e+06
471500 1.22928e+06
472000 1.05751e+06
472500 1.0364e+06
473000 1.05882e+06
473500 1.11284e+06
474000 1.01356e+06
474500 1.05798e+06
475000 1.04961e+06
475500 1.2339e+06
476000 1.06878e+06
476500 1.41178e+06
477000 1.18496e+06
477500 1.11557e+06
478000 1.28441e+06
478500 1.05987e+06
479000 1.32307e+06
479500 1.06925e+06
480000 921901
480500 927718
481000 1.3353e+06
481500 1.06985e+06
482000 1.08001e+06
482500 1.07191e+06
483000 1.08867e+06
483500 1.08035e+06
484000 1.07922e+06
484500 1.28485e+06
485000 1.2277e+06
485500 1.02432e+06
486000 1.26712e+06
486500 1.35178e+06
487000 1.08534e+06
487500 1.11616e+06
488000 1.63829e+06
488500 1.16576e+06
489000 1.07957e+06
489500 1.13851e+06
490000 1.11037e+06
490500 1.15838e+06
491000 1.12976e+06
491500 1.11679e+06
492000 1.30428e+06
492500 941539
493000 1.1062e+06
493500 1.08336e+06
494000 1.12721e+06
494500 1.29292e+06
495000 946800
495500 1.56724e+06
496000 1.10682e+06
496500 1.1921e+06
497000 1.37694e+06
497500 1.10453e+06
498000 1.12527e+06
498500 971859
499000 1.07935e+06
499500 948255
500000 1.82667e+06
