500 208
1000 214
1500 393
2000 210
2500 220
3000 179
3500 236
4000 240
4500 198
5000 251
5500 198
6000 223
6500 208
7000 291
7500 225
8000 275
8500 212
9000 185
9500 187
10000 385
10500 183
11000 194
11500 250
12000 312
12500 197
13000 200
13500 207
14000 200
14500 184
15000 179
15500 226
16000 203
16500 181
17000 175
17500 187
18000 217
18500 194
19000 240
19500 165
20000 299
20500 230
21000 194
21500 201
22000 229
22500 197
23000 161
23500 165
24000 234
24500 187
25000 188
25500 179
26000 221
26500 187
27000 171
27500 205
28000 172
28500 211
29000 195
29500 203
30000 203
30500 185
31000 172
31500 194
32000 189
32500 223
33000 197
33500 190
34000 189
34500 190
35000 171
35500 184
36000 190
36500 240
37000 224
37500 293
38000 172
38500 165
39000 180
39500 164
40000 229
40500 202
41000 227
41500 194
42000 181
42500 188
43000 184
43500 177
44000 166
44500 181
45000 210
45500 170
46000 190
46500 202
47000 168
47500 206
48000 213
48500 202
49000 202
49500 190
50000 189
50500 191
51000 185
51500 180
52000 183
52500 172
53000 180
53500 148
54000 201
54500 184
55000 192
55500 202
56000 178
56500 180
57000 174
57500 166
58000 202
58500 167
59000 188
59500 194
60000 187
60500 192
61000 193
61500 190
62000 244
62500 200
63000 199
63500 275
64000 180
64500 178
65000 161
65500 167
66000 220
66500 195
67000 164
67500 201
68000 251
68500 171
69000 192
69500 199
70000 178
70500 185
71000 189
71500 182
72000 331
72500 191
73000 186
73500 176
74000 230
74500 181
75000 179
75500 168
76000 207
76500 190
77000 177
77500 193
78000 177
78500 163
79000 174
79500 184
80000 194
80500 188
81000 240
81500 209
82000 182
82500 194
83000 177
83500 182
84000 190
84500 189
85000 184
85500 257
86000 172
86500 207
87000 230
87500 190
88000 177
88500 232
89000 175
89500 179
90000 207
90500 230
91000 183
91500 218
92000 256
92500 194
93000 197
93500 190
94000 192
94500 184
95000 187
95500 278
96000 200
96500 178
97000 227
97500 232
98000 289
98500 194
99000 236
99500 233
100000 244
100500 235
101000 305
101500 178
102000 214
102500 182
103000 290
103500 169
104000 233
104500 179
105000 225
105500 182
106000 162
106500 312
107000 297
107500 217
108000 215
108500 194
109000 202
109500 194
110000 185
110500 199
111000 188
111500 175
112000 226
112500 194
113000 201
113500 211
114000 174
114500 191
115000 198
115500 191
116000 194
116500 219
117000 188
117500 184
118000 187
118500 175
119000 224
119500 204
120000 187
120500 182
121000 201
121500 206
122000 187
122500 175
123000 190
123500 181
124000 272
124500 183
125000 190
125500 197
126000 181
126500 177
127000 193
127500 225
128000 250
128500 257
129000 181
129500 202
130000 192
130500 194
131000 177
131500 271
132000 224
132500 237
133000 217
133500 186
134000 253
134500 177
135000 171
135500 187
136000 181
136500 191
137000 199
137500 187
138000 191
138500 195
139000 174
139500 187
140000 178
140500 231
141000 194
141500 183
142000 248
142500 197
143000 199
143500 174
144000 225
144500 234
145000 227
145500 175
146000 175
146500 283
147000 229
147500 178
148000 182
148500 227
149000 177
149500 185
150000 190
150500 207
151000 186
151500 172
152000 181
152500 186
153000 183
153500 174
154000 179
154500 203
155000 214
155500 237
156000 193
156500 181
157000 173
157500 187
158000 174
158500 203
159000 280
159500 198
160000 191
160500 191
161000 172
161500 248
162000 164
162500 315
163000 178
163500 164
164000 180
164500 186
165000 211
165500 194
166000 238
166500 259
167000 275
167500 178
168000 191
168500 173
169000 179
169500 187
170000 207
170500 171
171000 191
171500 185
172000 174
172500 170
173000 240
173500 191
174000 172
174500 238
175000 185
175500 194
176000 172
176500 183
177000 1180
177500 214
178000 188
178500 201
179000 190
179500 184
180000 208
180500 250
181000 178
181500 212
182000 197
182500 198
183000 177
183500 183
184000 186
184500 185
185000 174
185500 169
186000 185
186500 172
187000 216
187500 191
188000 215
188500 186
189000 204
189500 210
190000 204
190500 184
191000 198
191500 298
192000 233
192500 177
193000 184
193500 180
194000 868
194500 193
195000 176
195500 168
196000 221
196500 173
197000 191
197500 191
198000 187
198500 182
199000 187
199500 273
200000 201
200500 197
201000 173
201500 174
202000 227
202500 178
203000 193
203500 194
204000 195
204500 223
205000 166
205500 181
206000 192
206500 188
207000 185
207500 188
208000 203
208500 188
209000 194
209500 208
210000 174
210500 181
211000 195
211500 181
212000 265
212500 183
213000 204
213500 181
214000 185
214500 190
215000 216
215500 194
216000 198
216500 191
217000 212
217500 167
218000 198
218500 189
219000 170
219500 178
220000 187
220500 189
221000 172
221500 180
222000 192
222500 202
223000 170
223500 194
224000 178
224500 183
225000 193
225500 170
226000 187
226500 184
227000 162
227500 180
228000 183
228500 191
229000 192
229500 189
230000 181
230500 177
231000 195
231500 191
232000 171
232500 187
233000 228
233500 177
234000 177
234500 201
235000 175
235500 188
236000 202
236500 182
237000 175
237500 199
238000 189
238500 199
239000 195
239500 223
240000 250
240500 197
241000 183
241500 181
242000 176
242500 244
243000 229
243500 182
244000 193
244500 174
245000 235
245500 176
246000 224
246500 223
247000 180
247500 182
248000 183
248500 249
249000 191
249500 193
250000 181
250500 181
251000 227
251500 203
252000 180
252500 191
253000 190
253500 272
254000 216
254500 219
255000 188
255500 225
256000 178
256500 180
257000 251
257500 187
258000 179
258500 180
259000 185
259500 172
260000 185
260500 216
261000 189
261500 265
262000 194
262500 179
263000 178
263500 181
264000 260
264500 184
265000 172
265500 168
266000 189
266500 339
267000 190
267500 194
268000 194
268500 181
269000 182
269500 181
270000 181
270500 205
271000 217
271500 188
272000 199
272500 190
273000 189
273500 187
274000 187
274500 190
275000 187
275500 188
276000 196
276500 187
277000 195
277500 198
278000 191
278500 171
279000 204
279500 178
280000 175
280500 1107
281000 202
281500 202
282000 210
282500 184
283000 180
283500 195
284000 182
284500 199
285000 188
285500 179
286000 191
286500 181
287000 196
287500 195
288000 197
288500 172
289000 197
289500 202
290000 166
290500 167
291000 195
291500 179
292000 178
292500 178
293000 231
293500 210
294000 229
294500 253
295000 183
295500 186
296000 165
296500 195
297000 176
297500 204
298000 181
298500 185
299000 175
299500 236
300000 184
300500 247
301000 192
301500 181
302000 190
302500 14896
303000 198
303500 172
304000 219
304500 181
305000 233
305500 196
306000 197
306500 172
307000 192
307500 176
308000 199
308500 224
309000 256
309500 193
310000 232
310500 257
311000 202
311500 198
312000 182
312500 191
313000 186
313500 188
314000 179
314500 186
315000 186
315500 192
316000 191
316500 202
317000 184
317500 201
318000 191
318500 193
319000 190
319500 194
320000 181
320500 192
321000 178
321500 241
322000 184
322500 171
323000 196
323500 198
324000 181
324500 181
325000 199
325500 230
326000 178
326500 173
327000 191
327500 250
328000 191
328500 179
329000 184
329500 200
330000 214
330500 184
331000 170
331500 184
332000 255
332500 198
333000 303
333500 210
334000 185
334500 191
335000 191
335500 188
336000 182
336500 182
337000 190
337500 187
338000 173
338500 174
339000 222
339500 198
340000 177
340500 181
341000 179
341500 250
342000 197
342500 185
343000 180
343500 233
344000 189
344500 177
345000 201
345500 191
346000 239
346500 175
347000 195
347500 197
348000 179
348500 216
349000 219
349500 186
350000 177
350500 194
351000 222
351500 182
352000 188
352500 174
353000 183
353500 195
354000 190
354500 195
355000 201
355500 181
356000 188
356500 188
357000 164
357500 243
358000 186
358500 175
359000 181
359500 204
360000 179
360500 190
361000 178
361500 195
362000 192
362500 188
363000 167
363500 201
364000 176
364500 200
365000 181
365500 179
366000 166
366500 184
367000 174
367500 189
368000 188
368500 233
369000 182
369500 172
370000 190
370500 186
371000 175
371500 199
372000 236
372500 183
373000 200
373500 191
374000 192
374500 186
375000 195
375500 173
376000 186
376500 178
377000 220
377500 211
378000 173
378500 276
379000 245
379500 177
380000 237
380500 224
381000 191
381500 264
382000 185
382500 178
383000 176
383500 187
384000 180
384500 216
385000 197
385500 186
386000 183
386500 381
387000 182
387500 173
388000 204
388500 187
389000 178
389500 187
390000 181
390500 179
391000 185
391500 199
392000 182
392500 181
393000 231
393500 184
394000 191
394500 180
395000 200
395500 194
396000 180
396500 190
397000 203
397500 171
398000 200
398500 204
399000 180
399500 274
400000 189
400500 198
401000 180
401500 173
402000 230
402500 181
403000 181
403500 190
404000 190
404500 174
405000 213
405500 178
406000 203
406500 181
407000 190
407500 230
408000 180
408500 194
409000 218
409500 178
410000 182
410500 203
411000 186
411500 191
412000 197
412500 195
413000 188
413500 179
414000 240
414500 186
415000 223
415500 232
416000 171
416500 236
417000 186
417500 209
418000 181
418500 184
419000 183
419500 181
420000 172
420500 183
421000 180
421500 181
422000 188
422500 204
423000 244
423500 196
424000 189
424500 199
425000 243
425500 194
426000 190
426500 189
427000 243
427500 204
428000 198
428500 211
429000 178
429500 187
430000 185
430500 178
431000 176
431500 181
432000 210
432500 188
433000 158
433500 175
434000 181
434500 223
435000 174
435500 182
436000 212
436500 197
437000 171
437500 201
438000 185
438500 192
439000 188
439500 245
440000 197
440500 167
441000 193
441500 174
442000 197
442500 228
443000 275
443500 199
444000 196
444500 165
445000 179
445500 179
446000 207
446500 184
447000 180
447500 200
448000 217
448500 198
449000 182
449500 192
450000 188
450500 189
451000 205
451500 192
452000 259
452500 182
453000 179
453500 174
454000 184
454500 181
455000 187
455500 191
456000 182
456500 198
457000 194
457500 205
458000 200
458500 204
459000 215
459500 173
460000 217
460500 181
461000 200
461500 171
462000 220
462500 206
463000 207
463500 190
464000 178
464500 181
465000 212
465500 195
466000 216
466500 175
467000 174
467500 330
468000 197
468500 184
469000 219
469500 181
470000 186
470500 196
471000 230
471500 218
472000 164
472500 188
473000 179
473500 191
474000 178
474500 202
475000 184
475500 169
476000 263
476500 183
477000 214
477500 193
478000 181
478500 190
479000 197
479500 187
480000 176
480500 197
481000 199
481500 225
482000 168
482500 187
483000 187
483500 211
484000 196
484500 185
485000 180
485500 205
486000 179
486500 199
487000 227
487500 203
488000 165
488500 200
489000 196
489500 223
490000 247
490500 179
491000 175
491500 175
492000 175
492500 168
493000 195
493500 177
494000 177
494500 191
495000 209
495500 182
496000 193
496500 194
497000 199
497500 194
498000 232
498500 189
499000 186
499500 216
500000 192
