500 603
1000 629
1500 556
2000 703
2500 672
3000 638
3500 621
4000 649
4500 679
5000 645
5500 709
6000 650
6500 699
7000 709
7500 687
8000 720
8500 692
9000 751
9500 686
10000 675
10500 704
11000 677
11500 711
12000 704
12500 677
13000 799
13500 710
14000 704
14500 752
15000 698
15500 18836
16000 687
16500 721
17000 731
17500 747
18000 734
18500 723
19000 775
19500 702
20000 699
20500 809
21000 735
21500 723
22000 673
22500 785
23000 730
23500 733
24000 714
24500 737
25000 796
25500 763
26000 753
26500 783
27000 766
27500 822
28000 789
28500 732
29000 737
29500 759
30000 806
30500 755
31000 756
31500 799
32000 793
32500 768
33000 1256
33500 828
34000 832
34500 737
35000 745
35500 762
36000 781
36500 786
37000 819
37500 761
38000 758
38500 770
39000 784
39500 763
40000 809
40500 792
41000 763
41500 760
42000 763
42500 790
43000 754
43500 791
44000 737
44500 822
45000 759
45500 776
46000 780
46500 689
47000 701
47500 725
48000 782
48500 738
49000 729
49500 761
50000 779
50500 747
51000 769
51500 822
52000 795
52500 782
53000 794
53500 802
54000 1062
54500 764
55000 1120
55500 775
56000 813
56500 854
57000 761
57500 748
58000 799
58500 821
59000 770
59500 767
60000 765
60500 826
61000 1173
61500 763
62000 790
62500 779
63000 799
63500 768
64000 790
64500 776
65000 819
65500 828
66000 792
66500 797
67000 835
67500 820
68000 799
68500 835
69000 804
69500 835
70000 892
70500 822
71000 792
71500 768
72000 777
72500 806
73000 843
73500 762
74000 803
74500 878
75000 825
75500 829
76000 828
76500 770
77000 819
77500 778
78000 823
78500 810
79000 803
79500 807
80000 811
80500 841
81000 855
81500 864
82000 787
82500 778
83000 783
83500 896
84000 819
84500 821
85000 801
85500 788
86000 822
86500 867
87000 825
87500 837
88000 792
88500 837
89000 792
89500 811
90000 797
90500 860
91000 854
91500 859
92000 763
92500 794
93000 809
93500 912
94000 789
94500 793
95000 801
95500 781
96000 819
96500 796
97000 820
97500 765
98000 861
98500 846
99000 889
99500 863
100000 825
100500 811
101000 806
101500 904
102000 813
102500 842
103000 830
103500 841
104000 841
104500 869
105000 852
105500 858
106000 825
106500 822
107000 835
107500 819
108000 828
108500 819
109000 821
109500 814
110000 810
110500 819
111000 871
111500 897
112000 797
112500 835
113000 808
113500 850
114000 843
114500 818
115000 858
115500 822
116000 830
116500 855
117000 793
117500 830
118000 851
118500 783
119000 826
119500 832
120000 846
120500 911
121000 819
121500 815
122000 879
122500 932
123000 928
123500 820
124000 819
124500 831
125000 797
125500 811
126000 798
126500 840
127000 790
127500 827
128000 836
128500 842
129000 832
129500 816
130000 832
130500 795
131000 812
131500 855
132000 880
132500 877
133000 878
133500 839
134000 840
134500 818
135000 874
135500 821
136000 820
136500 825
137000 841
137500 885
138000 833
138500 831
139000 887
139500 881
140000 839
140500 902
141000 844
141500 880
142000 808
142500 845
143000 865
143500 898
144000 845
144500 855
145000 837
145500 839
146000 852
146500 832
147000 857
147500 836
148000 865
148500 810
149000 846
149500 840
150000 888
150500 845
151000 828
151500 1546
152000 841
152500 855
153000 831
153500 883
154000 871
154500 865
155000 798
155500 819
156000 890
156500 847
157000 812
157500 931
158000 849
158500 868
159000 837
159500 887
160000 859
160500 817
161000 839
161500 1009
162000 878
162500 882
163000 827
163500 839
164000 919
164500 864
165000 971
165500 846
166000 867
166500 863
167000 826
167500 821
168000 814
168500 879
169000 847
169500 888
170000 849
170500 940
171000 816
171500 871
172000 871
172500 929
173000 866
173500 911
174000 858
174500 834
175000 914
175500 807
176000 849
176500 875
177000 1034
177500 853
178000 846
178500 923
179000 820
179500 812
180000 853
180500 818
181000 895
181500 840
182000 813
182500 880
183000 878
183500 864
184000 846
184500 840
185000 825
185500 861
186000 862
186500 852
187000 848
187500 854
188000 949
188500 873
189000 850
189500 854
190000 847
190500 866
191000 878
191500 871
192000 825
192500 838
193000 870
193500 842
194000 879
194500 830
195000 933
195500 811
196000 809
196500 847
197000 916
197500 876
198000 917
198500 898
199000 872
199500 842
200000 920
200500 866
201000 874
201500 838
202000 894
202500 855
203000 914
203500 901
204000 889
204500 886
205000 885
205500 897
206000 879
206500 1115
207000 1005
207500 852
208000 888
208500 886
209000 888
209500 997
210000 921
210500 838
211000 867
211500 869
212000 906
212500 898
213000 820
213500 899
214000 862
214500 833
215000 894
215500 845
216000 850
216500 870
217000 875
217500 845
218000 879
218500 841
219000 838
219500 859
220000 856
220500 855
221000 907
221500 852
222000 887
222500 895
223000 868
223500 842
224000 889
224500 846
225000 870
225500 845
226000 895
226500 907
227000 904
227500 869
228000 894
228500 852
229000 888
229500 868
230000 897
230500 868
231000 839
231500 850
232000 863
232500 877
233000 1023
233500 884
234000 881
234500 964
235000 867
235500 878
236000 947
236500 877
237000 856
237500 1002
238000 831
238500 892
239000 871
239500 943
240000 853
240500 892
241000 877
241500 888
242000 902
242500 961
243000 905
243500 886
244000 863
244500 864
245000 960
245500 914
246000 911
246500 862
247000 908
247500 820
248000 842
248500 844
249000 846
249500 884
250000 860
250500 865
251000 865
251500 863
252000 841
252500 842
253000 871
253500 850
254000 913
254500 933
255000 896
255500 890
256000 870
256500 880
257000 841
257500 894
258000 842
258500 858
259000 878
259500 1172
260000 877
260500 863
261000 873
261500 850
262000 908
262500 912
263000 901
263500 900
264000 888
264500 893
265000 819
265500 860
266000 963
266500 954
267000 814
267500 894
268000 911
268500 934
269000 888
269500 928
270000 932
270500 920
271000 882
271500 910
272000 909
272500 874
273000 868
273500 871
274000 899
274500 854
275000 891
275500 924
276000 889
276500 858
277000 1023
277500 874
278000 944
278500 885
279000 879
279500 855
280000 875
280500 897
281000 887
281500 878
282000 899
282500 850
283000 999
283500 2029
284000 885
284500 1057
285000 846
285500 874
286000 875
286500 908
287000 888
287500 903
288000 877
288500 900
289000 868
289500 858
290000 936
290500 939
291000 917
291500 1133
292000 890
292500 913
293000 966
293500 809
294000 872
294500 871
295000 887
295500 910
296000 893
296500 920
297000 954
297500 898
298000 921
298500 989
299000 871
299500 885
300000 887
300500 905
301000 842
301500 898
302000 904
302500 929
303000 924
303500 923
304000 906
304500 872
305000 917
305500 882
306000 851
306500 905
307000 964
307500 883
308000 917
308500 886
309000 937
309500 870
310000 901
310500 849
311000 879
311500 902
312000 935
312500 984
313000 871
313500 875
314000 875
314500 876
315000 888
315500 874
316000 807
316500 1000
317000 1087
317500 874
318000 947
318500 1859
319000 974
319500 922
320000 883
320500 847
321000 851
321500 979
322000 891
322500 875
323000 904
323500 897
324000 850
324500 898
325000 887
325500 849
326000 862
326500 889
327000 891
327500 919
328000 855
328500 994
329000 933
329500 885
330000 905
330500 906
331000 912
331500 871
332000 867
332500 1083
333000 910
333500 902
334000 893
334500 954
335000 867
335500 1192
336000 896
336500 916
337000 852
337500 896
338000 951
338500 871
339000 885
339500 862
340000 852
340500 904
341000 901
341500 969
342000 866
342500 897
343000 918
343500 854
344000 962
344500 843
345000 902
345500 876
346000 889
346500 988
347000 878
347500 1003
348000 896
348500 879
349000 913
349500 941
350000 887
350500 877
351000 899
351500 880
352000 923
352500 945
353000 875
353500 997
354000 897
354500 898
355000 906
355500 901
356000 949
356500 883
357000 866
357500 877
358000 901
358500 851
359000 888
359500 876
360000 864
360500 880
361000 957
361500 871
362000 912
362500 874
363000 898
363500 900
364000 908
364500 875
365000 920
365500 941
366000 850
366500 869
367000 972
367500 870
368000 929
368500 908
369000 907
369500 974
370000 991
370500 890
371000 865
371500 968
372000 892
372500 894
373000 898
373500 845
374000 903
374500 898
375000 911
375500 1089
376000 935
376500 904
377000 897
377500 919
378000 931
378500 908
379000 874
379500 983
380000 874
380500 886
381000 962
381500 871
382000 917
382500 907
383000 881
383500 879
384000 854
384500 880
385000 865
385500 941
386000 967
386500 902
387000 882
387500 904
388000 928
388500 865
389000 881
389500 859
390000 895
390500 898
391000 934
391500 882
392000 815
392500 848
393000 862
393500 942
394000 881
394500 914
395000 893
395500 934
396000 915
396500 877
397000 876
397500 910
398000 921
398500 952
399000 2065
399500 946
400000 911
400500 937
401000 907
401500 888
402000 940
402500 839
403000 888
403500 912
404000 894
404500 968
405000 885
405500 875
406000 846
406500 948
407000 905
407500 901
408000 868
408500 931
409000 17094
409500 887
410000 875
410500 965
411000 917
411500 855
412000 948
412500 921
413000 924
413500 882
414000 899
414500 884
415000 908
415500 916
416000 972
416500 832
417000 907
417500 953
418000 928
418500 848
419000 5102
419500 899
420000 945
420500 964
421000 908
421500 942
422000 834
422500 1069
423000 1069
423500 873
424000 919
424500 860
425000 993
425500 855
426000 885
426500 960
427000 867
427500 914
428000 914
428500 886
429000 966
429500 885
430000 940
430500 935
431000 919
431500 882
432000 902
432500 897
433000 914
433500 931
434000 896
434500 913
435000 973
435500 922
436000 16646
436500 994
437000 953
437500 924
438000 891
438500 877
439000 909
439500 927
440000 942
440500 883
441000 949
441500 949
442000 888
442500 927
443000 941
443500 954
444000 1001
444500 962
445000 913
445500 934
446000 928
446500 925
447000 916
447500 883
448000 1055
448500 908
449000 930
449500 862
450000 910
450500 904
451000 886
451500 890
452000 888
452500 1025
453000 931
453500 869
454000 957
454500 830
455000 868
455500 899
456000 841
456500 878
457000 984
457500 918
458000 892
458500 922
459000 894
459500 966
460000 898
460500 904
461000 890
461500 934
462000 944
462500 885
463000 902
463500 1089
464000 891
464500 917
465000 921
465500 900
466000 936
466500 883
467000 901
467500 912
468000 882
468500 909
469000 939
469500 878
470000 934
470500 890
471000 921
471500 923
472000 958
472500 908
473000 895
473500 991
474000 915
474500 925
475000 927
475500 899
476000 994
476500 912
477000 942
477500 921
478000 906
478500 932
479000 897
479500 879
480000 881
480500 915
481000 892
481500 940
482000 902
482500 872
483000 906
483500 893
484000 940
484500 981
485000 876
485500 928
486000 884
486500 915
487000 941
487500 1022
488000 956
488500 932
489000 903
489500 879
490000 884
490500 870
491000 946
491500 919
492000 892
492500 870
493000 908
493500 919
494000 894
494500 925
495000 958
495500 909
496000 919
496500 957
497000 919
497500 942
498000 901
498500 964
499000 906
499500 939
500000 909
