500 569
1000 659
1500 1005
2000 900
2500 982
3000 1070
3500 1380
4000 2792
4500 1301
5000 2299
5500 1477
6000 1519
6500 3343
7000 3628
7500 1800
8000 1837
8500 2199
9000 3378
9500 2517
10000 2453
10500 3380
11000 10525
11500 2600
12000 2770
12500 3018
13000 4247
13500 7199
14000 2982
14500 3012
15000 3314
15500 3338
16000 3562
16500 3357
17000 4391
17500 3773
18000 4033
18500 3924
19000 6988
19500 4423
20000 4310
20500 4307
21000 6391
21500 15637
22000 4161
22500 4552
23000 4873
23500 4875
24000 5004
24500 5729
25000 5067
25500 14145
26000 11172
26500 5334
27000 13687
27500 5364
28000 11852
28500 5363
29000 5533
29500 11990
30000 6038
30500 6216
31000 12556
31500 6331
32000 6209
32500 13532
33000 7112
33500 7133
34000 8792
34500 7259
35000 7149
35500 7996
36000 6658
36500 7602
37000 10513
37500 8163
38000 7833
38500 19168
39000 10468
39500 8067
40000 8453
40500 15407
41000 9710
41500 8831
42000 9015
42500 10749
43000 9487
43500 9007
44000 23449
44500 20205
45000 9150
45500 10503
46000 10147
46500 18964
47000 9944
47500 12520
48000 20013
48500 10222
49000 42957
49500 11300
50000 12178
50500 17382
51000 12912
51500 10563
52000 11068
52500 12020
53000 11892
53500 11450
54000 18816
54500 12536
55000 12408
55500 13274
56000 11860
56500 13092
57000 12775
57500 12026
58000 11648
58500 18438
59000 24294
59500 13261
60000 25307
60500 12668
61000 13107
61500 36474
62000 13410
62500 14431
63000 15524
63500 13977
64000 18312
64500 15927
65000 14400
65500 19204
66000 18732
66500 15344
67000 20557
67500 14013
68000 26918
68500 15894
69000 16671
69500 23451
70000 15777
70500 15706
71000 22324
71500 15739
72000 17158
72500 15824
73000 15838
73500 18278
74000 27704
74500 17170
75000 21444
75500 16489
76000 15354
76500 30611
77000 17920
77500 18010
78000 24563
78500 17592
79000 21467
79500 16835
80000 17368
80500 29084
81000 18440
81500 18829
82000 17081
82500 35452
83000 18850
83500 31714
84000 20123
84500 18693
85000 33491
85500 18997
86000 18276
86500 22161
87000 20032
87500 19915
88000 18799
88500 39056
89000 38051
89500 19526
90000 20013
90500 21898
91000 19112
91500 50069
92000 22062
92500 19813
93000 38708
93500 24527
94000 20470
94500 20601
95000 27903
95500 23907
96000 33074
96500 40744
97000 23487
97500 27620
98000 21547
98500 26257
99000 24489
99500 20893
100000 37724
100500 22042
101000 25454
101500 23225
102000 31865
102500 32727
103000 58729
103500 22321
104000 23567
104500 22768
105000 25523
105500 27707
106000 23920
106500 39335
107000 24073
107500 22517
108000 54757
108500 24078
109000 26222
109500 23177
110000 24776
110500 28924
111000 35143
111500 24681
112000 52165
112500 24568
113000 26071
113500 27731
114000 27423
114500 24762
115000 49493
115500 42634
116000 42091
116500 26057
117000 28925
117500 27176
118000 28254
118500 40933
119000 26005
119500 25674
120000 28040
120500 57427
121000 36717
121500 28518
122000 27647
122500 51517
123000 30426
123500 47696
124000 31706
124500 27200
125000 29545
125500 29846
126000 27803
126500 35292
127000 27734
127500 31692
128000 28883
128500 34538
129000 32386
129500 27901
130000 31101
130500 33930
131000 43328
131500 29557
132000 36163
132500 29135
133000 79816
133500 37469
134000 57130
134500 50675
135000 93962
135500 32855
136000 41075
136500 34157
137000 43921
137500 31793
138000 67092
138500 50512
139000 29857
139500 36065
140000 52201
140500 52119
141000 50556
141500 35024
142000 56650
142500 32665
143000 37188
143500 46884
144000 35763
144500 32632
145000 45543
145500 33536
146000 44830
146500 37837
147000 57698
147500 37801
148000 58727
148500 52224
149000 38501
149500 32114
150000 41762
150500 51594
151000 35174
151500 37312
152000 36273
152500 33674
153000 38619
153500 36534
154000 32954
154500 34127
155000 38975
155500 39355
156000 35717
156500 39897
157000 65058
157500 54342
158000 40741
158500 67053
159000 50690
159500 37624
160000 61130
160500 37866
161000 38394
161500 42993
162000 35933
162500 41766
163000 36541
163500 51548
164000 37275
164500 57527
165000 41126
165500 37042
166000 37516
166500 58652
167000 41231
167500 41212
168000 73715
168500 39124
169000 38341
169500 49661
170000 37914
170500 37547
171000 43598
171500 64991
172000 44448
172500 65172
173000 48674
173500 73587
174000 39979
174500 41496
175000 42456
175500 42229
176000 44977
176500 39023
177000 42655
177500 45453
178000 68063
178500 42998
179000 78500
179500 41166
180000 46223
180500 62898
181000 41251
181500 42797
182000 49641
182500 46289
183000 44076
183500 72753
184000 45536
184500 43193
185000 72986
185500 41853
186000 45425
186500 47151
187000 119397
187500 43110
188000 45728
188500 58293
189000 50625
189500 46632
190000 48449
190500 43423
191000 75900
191500 65205
192000 43515
192500 72791
193000 109154
193500 45276
194000 50058
194500 44161
195000 45455
195500 51068
196000 47235
196500 54851
197000 87670
197500 57495
198000 69056
198500 54123
199000 54334
199500 45635
200000 45834
200500 52368
201000 47180
201500 60658
202000 66855
202500 54538
203000 46152
203500 47563
204000 69929
204500 95459
205000 53994
205500 45905
206000 53815
206500 48154
207000 78175
207500 92845
208000 60125
208500 48453
209000 53855
209500 48276
210000 69750
210500 47985
211000 64507
211500 49068
212000 52648
212500 78818
213000 70199
213500 82860
214000 107405
214500 51477
215000 93210
215500 49488
216000 105271
216500 55657
217000 123112
217500 52082
218000 50847
218500 107461
219000 79028
219500 50222
220000 97503
220500 57116
221000 85340
221500 54766
222000 53777
222500 126052
223000 91004
223500 59676
224000 79631
224500 55643
225000 91961
225500 60179
226000 61125
226500 50507
227000 93330
227500 65951
228000 57534
228500 60489
229000 81356
229500 54929
230000 586505
230500 54486
231000 97999
231500 65880
232000 67691
232500 52167
233000 89082
233500 59309
234000 121623
234500 56094
235000 79317
235500 51622
236000 56182
236500 97832
237000 92845
237500 74886
238000 140623
238500 62768
239000 64186
239500 96312
240000 56598
240500 130262
241000 73839
241500 61276
242000 183966
242500 56065
243000 68160
243500 93347
244000 61243
244500 62158
245000 69255
245500 67227
246000 613991
246500 78457
247000 61133
247500 123364
248000 111186
248500 68519
249000 78742
249500 57958
250000 70100
250500 55573
251000 164028
251500 70335
252000 58753
252500 60789
253000 73249
253500 58615
254000 61885
254500 84232
255000 68602
255500 56129
256000 59845
256500 62702
257000 70252
257500 69944
258000 58579
258500 63401
259000 66694
259500 68689
260000 154140
260500 65693
261000 64022
261500 190778
262000 66004
262500 65299
263000 78395
263500 76367
264000 72612
264500 93781
265000 168891
265500 84247
266000 71653
266500 87483
267000 66991
267500 56955
268000 67991
268500 76722
269000 59625
269500 67400
270000 62868
270500 71208
271000 71461
271500 175876
272000 67845
272500 77927
273000 125176
273500 64040
274000 113013
274500 70834
275000 88096
275500 950605
276000 139538
276500 64865
277000 78621
277500 105257
278000 70065
278500 72358
279000 188941
279500 108331
280000 72030
280500 144157
281000 66446
281500 90177
282000 110043
282500 62252
283000 157200
283500 83813
284000 70759
284500 74588
285000 69873
285500 70667
286000 77432
286500 102070
287000 89987
287500 77800
288000 81264
288500 70272
289000 82198
289500 65639
290000 178190
290500 78277
291000 81284
291500 146337
292000 70504
292500 190229
293000 69045
293500 77939
294000 106650
294500 88481
295000 126028
295500 74826
296000 111557
296500 87330
297000 155864
297500 80276
298000 103666
298500 65915
299000 129876
299500 159314
300000 75005
